return {
    Conga = {
        [1] = {Time = 0.000, Data = {
            ["LeftFoot"] = CFrame.new(-2.3748725652694702e-07, 1.7881393432617188e-07, 3.5390257835388184e-08, 0.9793094992637634, -0.19878537952899933, -0.037915196269750595, 0.18034696578979492, 0.942280650138855, -0.2821030616760254, 0.09180475026369095, 0.2694282531738281, 0.9586346745491028),
            ["LeftLowerArm"] = CFrame.new(-2.9802322387695312e-08, 1.1920928955078125e-07, -5.960464477539063e-08, 1, -6.891787762697277e-08, 1.5599654545894737e-07, -1.862645371275562e-09, -0.2381511926651001, -0.9712281227111816, 1.1827798118702049e-07, 0.9712281227111816, -0.23815110325813293),
            ["LowerTorso"] = CFrame.new(-0.026649903506040573, -0.21915578842163086, 0.01444707065820694, 0.9479549527168274, -0.22897900640964508, -0.22124654054641724, 0.250152587890625, 0.9654821157455444, 0.07258069515228271, 0.19699011743068695, -0.12414862215518951, 0.9725132584571838),
            ["Head"] = CFrame.new(5.960464477539063e-08, 3.5762786865234375e-07, 1.5832483768463135e-08, 0.9806836843490601, 0.1796966940164566, -0.07725640386343002, -0.19521024823188782, 0.8742150068283081, -0.4445686340332031, -0.01234891265630722, 0.4510626196861267, 0.8924070000648499),
            ["RightUpperArm"] = CFrame.new(1.1920928955078125e-07, 2.384185791015625e-07, -1.1641532182693481e-08, 0.9636765122413635, -0.10846243798732758, -0.24405613541603088, 0.1619938313961029, 0.9639104604721069, 0.21126919984817505, 0.212333545088768, -0.24313080310821533, 0.9464681148529053),
            ["UpperTorso"] = CFrame.new(2.0023435354232788e-08, 5.960464477539063e-08, 0, 0.9724972248077393, 0.06358522921800613, 0.22406736016273499, -0.05842265859246254, 0.9978530406951904, -0.029602043330669403, -0.22546853125095367, 0.015697289258241653, 0.974124014377594),
            ["HumanoidRootPart"] = CFrame.new(0, 0, 0, 1, 0, 0, 0, 1, 0, 0, 0, 1),
            ["RightHand"] = CFrame.new(6.705522537231445e-08, -5.960464477539063e-08, -2.1280720829963684e-07, 0.9234732985496521, 0.3836471438407898, -0.003438341896981001, -0.3590949475765228, 0.8611487150192261, -0.35982468724250793, -0.13508480787277222, 0.33352339267730713, 0.9330136775970459),
            ["LeftUpperArm"] = CFrame.new(5.960464477539063e-08, 3.5762786865234375e-07, 4.6566128730773926e-09, 0.5916016101837158, 0.7756935954093933, -0.21978919208049774, -0.19253183901309967, 0.40065234899520874, 0.8957729339599609, 0.7829041481018066, -0.4876241087913513, 0.38637229800224304),
            ["RightLowerArm"] = CFrame.new(-1.1920928955078125e-07, 5.960464477539062e-07, -4.470348358154297e-08, 1, -1.1175869474300271e-07, 2.224697368546913e-07, 1.4156101713069802e-07, -0.3305068910121918, -0.9438036680221558, 1.1175869474300271e-07, 0.9438035488128662, -0.33050698041915894),
            ["LeftHand"] = CFrame.new(-8.381903171539307e-08, -5.960464477539063e-08, -1.4901161193847656e-08, 0.8188202977180481, -0.4210412800312042, -0.39020246267318726, 0.5282955765724182, 0.8186301589012146, 0.22527357935905457, 0.22458204627037048, -0.39060088992118835, 0.8927451968193054),
            ["RightUpperLeg"] = CFrame.new(-1.1920928955078125e-07, -1.9278377294540405e-07, -1.6596459317952394e-08, 0.9442780017852783, 0.2504548728466034, -0.21356840431690216, -0.32103586196899414, 0.8439804315567017, -0.4296896457672119, 0.07262958586215973, 0.47430944442749023, 0.8773570656776428),
            ["LeftUpperLeg"] = CFrame.new(-5.960464477539063e-08, 2.9802322387695312e-08, 7.450580596923828e-09, 0.7827997207641602, 0.45799875259399414, -0.4212619364261627, -0.621488094329834, 0.5414130091667175, -0.5662370920181274, -0.03125924989581108, 0.7050597071647644, 0.7084589004516602),
            ["RightLowerLeg"] = CFrame.new(8.940696716308594e-08, -0.00006002187728881836, -0.00007206032023532316, 1, -1.0430811414607888e-07, -2.9802322387695312e-08, 1.3411047916633834e-07, 0.6850526332855225, 0.7284933924674988, -5.215407838932151e-08, -0.7284936308860779, 0.6850528120994568),
            ["RightFoot"] = CFrame.new(1.4901161193847656e-08, 4.172325134277344e-07, 1.6952981241047382e-09, 0.8800378441810608, -0.2445661723613739, 0.40708866715431213, 0.35487642884254456, 0.9082977175712585, -0.2214897871017456, -0.31558868288993835, 0.3393857479095459, 0.8861270546913147),
            ["LeftLowerLeg"] = CFrame.new(-2.9802322387695312e-08, 0.00006091594696044922, 0.00007203221321105957, 1, 4.4703490686970326e-08, 7.450577754752885e-08, -8.940699558479537e-08, 0.0026684629265218973, 0.9999964833259583, 1.3411049337719305e-07, -0.999996542930603, 0.0026685139164328575)
        }},
        [2] = {Time = 0.033, Data = {
            ["LeftFoot"] = CFrame.new(3.119930624961853e-08, 0, -6.332993507385254e-08, 0.98563551902771, -0.16872717440128326, 0.007334176450967789, 0.16434839367866516, 0.9482472538948059, -0.2716926634311676, 0.038887348026037216, 0.26899513602256775, 0.9623562097549438),
            ["LeftLowerArm"] = CFrame.new(-1.1920928955078125e-07, -2.384185791015625e-07, 3.3527612686157227e-07, 1, -1.266598985694145e-07, 8.195638656616211e-08, 1.1175869474300271e-07, -0.30788373947143555, -0.9514240622520447, 8.940695295223122e-08, 0.9514240622520447, -0.30788353085517883),
            ["LowerTorso"] = CFrame.new(-0.04941444844007492, -0.21010613441467285, 0.014447073452174664, 0.9569339752197266, -0.17487351596355438, -0.23172539472579956, 0.19282081723213196, 0.9795753359794617, 0.0570286326110363, 0.2170196771621704, -0.09925410151481628, 0.9711081981658936),
            ["Head"] = CFrame.new(5.704350769519806e-08, 0, 2.1886080503463745e-08, 0.986900269985199, 0.14292888343334198, -0.07482728362083435, -0.16129396855831146, 0.8641253113746643, -0.4767303168773651, -0.003478488652035594, 0.48255446553230286, 0.8758591413497925),
            ["RightUpperArm"] = CFrame.new(1.1920928955078125e-07, -2.384185791015625e-07, -2.3283064365386963e-09, 0.9784783720970154, -0.12410742044448853, -0.1648556888103485, 0.15854179859161377, 0.9635152220726013, 0.2156454622745514, 0.13207773864269257, -0.237140953540802, 0.9624550342559814),
            ["UpperTorso"] = CFrame.new(-4.889443516731262e-08, -3.2782554626464844e-07, 1.6763806343078613e-08, 0.9728819131851196, 0.025630127638578415, 0.22987838089466095, -0.03207411989569664, 0.9991891980171204, 0.02433878742158413, -0.22906814515590668, -0.031051907688379288, 0.97291499376297),
            ["HumanoidRootPart"] = CFrame.new(0, 0, 0, 1, 0, 0, 0, 1, 0, 0, 0, 1),
            ["RightHand"] = CFrame.new(-6.705522537231445e-08, -1.1920928955078125e-07, -1.7881393432617188e-07, 0.9641405940055847, 0.2624722719192505, -0.039256054908037186, -0.25800105929374695, 0.8923145532608032, -0.3704189956188202, -0.06219586357474327, 0.3672642409801483, 0.9280348420143127),
            ["LeftUpperArm"] = CFrame.new(0, 1.1920928955078125e-07, 7.450580596923828e-09, 0.6725594997406006, 0.7095518112182617, -0.21023884415626526, -0.30152082443237305, 0.5221753120422363, 0.797758162021637, 0.6758320927619934, -0.47314807772636414, 0.5651386380195618),
            ["RightLowerArm"] = CFrame.new(5.960464477539063e-08, 1.1920928955078125e-07, -1.043081283569336e-07, 1, -6.705523247774181e-08, 1.1175869474300271e-07, 7.82310962677002e-08, -0.06287205219268799, -0.9980216026306152, 9.685754776000977e-08, 0.99802166223526, -0.06287204474210739),
            ["LeftHand"] = CFrame.new(-8.940696716308594e-08, -1.7881393432617188e-07, 1.4901161193847656e-08, 0.7823671102523804, -0.41279664635658264, -0.4663698375225067, 0.5461161732673645, 0.8146867156028748, 0.1950455904006958, 0.2994312047958374, -0.4072894752025604, 0.8628189563751221),
            ["RightUpperLeg"] = CFrame.new(0, -5.131587386131287e-07, -9.145878721028566e-09, 0.9652205109596252, 0.20774808526039124, -0.15871387720108032, -0.2593446671962738, 0.8375168442726135, -0.4809427857398987, 0.03301050513982773, 0.5053773522377014, 0.8622667193412781),
            ["LeftUpperLeg"] = CFrame.new(-5.960464477539063e-08, -4.470348358154297e-07, 1.4901161193847656e-08, 0.8737413287162781, 0.3936781585216522, -0.2856461703777313, -0.4823762774467468, 0.6260568499565125, -0.6126712560653687, -0.06236456334590912, 0.6731050610542297, 0.7369126677513123),
            ["RightLowerLeg"] = CFrame.new(5.960464477539063e-08, -0.00006026029586791992, -0.00007217952952487394, 1, -1.303851746570217e-07, -4.284085264316673e-08, 1.005828522693264e-07, 0.629967987537384, 0.7766206860542297, -4.284084198502569e-08, -0.7766211628913879, 0.629968523979187),
            ["RightFoot"] = CFrame.new(-7.450580596923828e-09, 2.980232238769531e-07, -5.045876605436206e-08, 0.918645441532135, -0.23137106001377106, 0.3202473521232605, 0.29553449153900146, 0.9403811097145081, -0.16835245490074158, -0.26220253109931946, 0.2493007779121399, 0.9322549104690552),
            ["LeftLowerLeg"] = CFrame.new(-7.450580596923828e-09, 0.000060617923736572266, 0.00007212162017822266, 1, 1.1175872316471214e-07, 5.21540641784668e-08, -9.685754776000977e-08, 0.060066383332014084, 0.9981943964958191, 2.9802322387695312e-08, -0.9981944561004639, 0.06006620451807976)
        }},
        [3] = {Time = 0.067, Data = {
            ["LeftFoot"] = CFrame.new(-2.939486876130104e-08, 1.1920928955078125e-07, 5.2852556109428406e-08, 0.9928520321846008, -0.10579176247119904, 0.05525459349155426, 0.11601099371910095, 0.9641854166984558, -0.23851189017295837, -0.028042970225214958, 0.2432171106338501, 0.9695664048194885),
            ["LeftLowerArm"] = CFrame.new(0, 4.76837158203125e-07, -2.086162567138672e-07, 1, -7.823112468940963e-08, 1.6763804921993142e-07, 2.980232594040899e-08, -0.4590425491333008, -0.8884143233299255, 1.9371512394172896e-07, 0.8884143233299255, -0.45904237031936646),
            ["LowerTorso"] = CFrame.new(-0.10167600214481354, -0.19129467010498047, 0.014447079040110111, 0.9660876989364624, -0.05167330428957939, -0.2529911398887634, 0.060246992856264114, 0.9978382587432861, 0.026254886761307716, 0.2510875463485718, -0.04060647264122963, 0.9671123623847961),
            ["Head"] = CFrame.new(1.1874362826347351e-08, 0, 4.7497451305389404e-08, 0.9961664080619812, 0.06420207023620605, -0.05941926687955856, -0.08628237992525101, 0.8330671191215515, -0.5464015007019043, 0.01442000549286604, 0.549433708190918, 0.8354129791259766),
            ["RightUpperArm"] = CFrame.new(0, 0, 6.332993507385254e-08, 0.9857943058013916, -0.16645684838294983, 0.022398250177502632, 0.1553109884262085, 0.9541952610015869, 0.2557143270969391, -0.0639377012848854, -0.24860313534736633, 0.9664928913116455),
            ["UpperTorso"] = CFrame.new(-5.4424162954092026e-09, 2.9802322387695312e-08, 9.313225746154785e-09, 0.9702999591827393, -0.06416045874357224, 0.2332412451505661, 0.03140600770711899, 0.9894363880157471, 0.1415250152349472, -0.23985767364501953, -0.12999650835990906, 0.9620651602745056),
            ["HumanoidRootPart"] = CFrame.new(0, 0, 0, 1, 0, 0, 0, 1, 0, 0, 0, 1),
            ["RightHand"] = CFrame.new(3.0174851417541504e-07, 1.7881393432617188e-07, 1.4901161193847656e-07, 0.9925817251205444, 0.006563857197761536, -0.12140253931283951, -0.051512204110622406, 0.927191436290741, -0.37102919816970825, 0.11012804508209229, 0.37453052401542664, 0.9206512570381165),
            ["LeftUpperArm"] = CFrame.new(0, 0, 6.51925802230835e-08, 0.8432930111885071, 0.5259501338005066, -0.11060680449008942, -0.41487056016921997, 0.7678490877151489, 0.48814958333969116, 0.3416714072227478, -0.3657655417919159, 0.8657229542732239),
            ["RightLowerArm"] = CFrame.new(-2.682209014892578e-07, 5.960464477539063e-08, 1.0244548320770264e-07, 1, -7.078050856534901e-08, 2.2351741790771484e-08, 8.568168397005138e-08, 0.47907358407974243, -0.877774715423584, 6.33299421792799e-08, 0.877774715423584, 0.479073703289032),
            ["LeftHand"] = CFrame.new(-2.086162567138672e-07, 1.1920928955078125e-07, 3.5762786865234375e-07, 0.714094340801239, -0.38698136806488037, -0.5833653807640076, 0.5481948256492615, 0.8273760080337524, 0.12219400703907013, 0.43537554144859314, -0.4070558547973633, 0.8029655814170837),
            ["RightUpperLeg"] = CFrame.new(-8.940696716308594e-08, 2.0489096641540527e-08, 9.480572771281004e-09, 0.9921427965164185, 0.12363526225090027, -0.019155405461788177, -0.11202604323625565, 0.8097397685050964, -0.575996458530426, -0.05570260435342789, 0.5736163258552551, 0.8172277212142944),
            ["LeftUpperLeg"] = CFrame.new(8.940696716308594e-08, -3.725290298461914e-09, 3.725290298461914e-09, 0.9704070091247559, 0.24014544486999512, 0.025305215269327164, -0.18170291185379028, 0.7952020764350891, -0.578478991985321, -0.15904195606708527, 0.5567619204521179, 0.815304696559906),
            ["RightLowerLeg"] = CFrame.new(6.332993507385254e-08, -0.000060498714447021484, -0.00007231363997561857, 1, -1.1548398504146462e-07, -7.078052988163108e-08, 1.4901159772762185e-07, 0.4891819655895233, 0.8721813559532166, -8.381902460996571e-08, -0.8721817135810852, 0.48918265104293823),
            ["RightFoot"] = CFrame.new(4.284083843231201e-08, 2.980232238769531e-07, 3.894820110872388e-08, 0.9784842133522034, -0.15945851802825928, 0.13092675805091858, 0.16580340266227722, 0.9853869080543518, -0.03901255503296852, -0.12279260158538818, 0.05988183617591858, 0.9906242489814758),
            ["LeftLowerLeg"] = CFrame.new(-1.564621925354004e-07, 0.000060677528381347656, 0.00007206946611404419, 1, 7.450580596923828e-08, 4.93601071127614e-08, -9.685754776000977e-08, 0.2807163596153259, 0.9597908854484558, 8.195638656616211e-08, -0.9597907662391663, 0.280716210603714)
        }},
        [4] = {Time = 0.100, Data = {
            ["LeftFoot"] = CFrame.new(3.060267772525549e-08, -5.960464477539063e-08, 4.470348358154297e-08, 0.9985040426254272, -0.050079744309186935, 0.02194920927286148, 0.053416576236486435, 0.9791635274887085, -0.19592177867889404, -0.011680345050990582, 0.19680137932300568, 0.9803738594055176),
            ["LeftLowerArm"] = CFrame.new(4.172325134277344e-07, 1.1920928955078125e-07, -2.60770320892334e-08, 1, -5.2154071283894154e-08, 1.713633110966839e-07, -7.450580596923828e-09, -0.6070270538330078, -0.7946813106536865, 1.5273690223693848e-07, 0.7946812510490417, -0.607026994228363),
            ["LowerTorso"] = CFrame.new(-0.15938636660575867, -0.17522859573364258, 0.014447087422013283, 0.9606779217720032, 0.07902474701404572, -0.2661823630332947, -0.08174362033605576, 0.9966530799865723, 0.0008675342542119324, 0.265360027551651, 0.02092529647052288, 0.9639223217964172),
            ["Head"] = CFrame.new(6.05359673500061e-09, 3.5762786865234375e-07, -1.7695128917694092e-08, 0.9993977546691895, -0.010009166784584522, -0.03322736173868179, -0.012461195699870586, 0.7901321053504944, -0.612809956073761, 0.03238758072257042, 0.6128549575805664, 0.789531409740448),
            ["RightUpperArm"] = CFrame.new(0, 3.5762786865234375e-07, 7.82310962677002e-08, 0.9489763379096985, -0.23219069838523865, 0.2133810967206955, 0.1486171931028366, 0.9260966777801514, 0.34678226709365845, -0.27813106775283813, -0.29737603664398193, 0.9133513569831848),
            ["UpperTorso"] = CFrame.new(1.5832483768463135e-08, 2.682209014892578e-07, -6.984919309616089e-09, 0.9629720449447632, -0.1630934774875641, 0.21467509865760803, 0.10579027980566025, 0.9609925746917725, 0.2555422782897949, -0.24797846376895905, -0.22336947917938232, 0.9426626563072205),
            ["HumanoidRootPart"] = CFrame.new(0, 0, 0, 1, 0, 0, 0, 1, 0, 0, 0, 1),
            ["RightHand"] = CFrame.new(3.725290298461914e-09, -1.1920928955078125e-07, -1.4901161193847656e-08, 0.9586482644081116, -0.207290917634964, -0.19499744474887848, 0.13195893168449402, 0.9308357238769531, -0.3407810628414154, 0.2521514296531677, 0.3009576201438904, 0.9196979999542236),
            ["LeftUpperArm"] = CFrame.new(-1.1920928955078125e-07, 3.5762786865234375e-07, 7.450580596923828e-09, 0.948854386806488, 0.3101395070552826, 0.05906795710325241, -0.31541043519973755, 0.9394055604934692, 0.13428787887096405, -0.013840816915035248, -0.14605039358139038, 0.9891803860664368),
            ["RightLowerArm"] = CFrame.new(-1.7881393432617188e-07, 1.1920928955078125e-07, 7.82310962677002e-08, 1, -4.842877388000488e-08, 1.3038517820973539e-08, 8.940698137394065e-08, 0.7746395468711853, -0.6324030756950378, 1.862645326866641e-08, 0.6324030160903931, 0.7746396064758301),
            ["LeftHand"] = CFrame.new(-1.341104507446289e-07, -1.1920928955078125e-07, -4.470348358154297e-07, 0.7135313749313354, -0.3696771562099457, -0.5951573252677917, 0.4852820634841919, 0.8734762668609619, 0.03924970328807831, 0.50534588098526, -0.3168250024318695, 0.8026502132415771),
            ["RightUpperLeg"] = CFrame.new(0, 1.6461126506328583e-07, -9.145878721028566e-09, 0.9869159460067749, 0.05782593786716461, 0.1505100131034851, 0.0540970042347908, 0.7606122493743896, -0.6469487547874451, -0.15189018845558167, 0.6466259956359863, 0.7475320100784302),
            ["LeftUpperLeg"] = CFrame.new(2.9802322387695312e-08, 2.9848888516426086e-07, -6.170012056827545e-09, 0.960734486579895, 0.057614654302597046, 0.2714221179485321, 0.05048816278576851, 0.9255756139755249, -0.3751808702945709, -0.2728375196456909, 0.374152809381485, 0.8863234519958496),
            ["RightLowerLeg"] = CFrame.new(-7.450580596923828e-09, -0.000060439109802246094, -0.00007199699030024931, 1, -1.0244544768056585e-07, -9.40636013524454e-08, 1.5273690223693848e-07, 0.3106759488582611, 0.9505156874656677, -1.471489667892456e-07, -0.950515866279602, 0.310676634311676),
            ["RightFoot"] = CFrame.new(-8.381903171539307e-09, 2.980232238769531e-07, -4.487083060666919e-08, 0.9981269240379333, -0.04082779213786125, -0.04556276276707649, 0.045202504843473434, 0.994007408618927, 0.09953023493289948, 0.04122607037425041, -0.10140290856361389, 0.9939908981323242),
            ["LeftLowerLeg"] = CFrame.new(1.932494342327118e-08, 0.00006091594696044922, 0.0000720042735338211, 1, 3.958120942115784e-08, 6.938354601970786e-08, -6.263145024831829e-08, 0.5837966203689575, 0.8118997812271118, 7.962808723505077e-08, -0.8118999004364014, 0.5837968587875366)
        }},
        [5] = {Time = 0.133, Data = {
            ["LeftFoot"] = CFrame.new(-2.8172507882118225e-08, -5.960464477539063e-08, 3.725290298461914e-09, 0.9980881810188293, -0.01153434719890356, -0.06072111427783966, -0.0014812119770795107, 0.97768634557724, -0.21006426215171814, 0.06178916245698929, 0.20975308120250702, 0.9758002161979675),
            ["LeftLowerArm"] = CFrame.new(-2.9802322387695312e-08, 3.5762786865234375e-07, -1.6763806343078613e-08, 1, -5.960465898624534e-08, 1.2665987014770508e-07, 4.749746196353044e-08, -0.6741576790809631, -0.7385877966880798, 1.5273694486950262e-07, 0.738587498664856, -0.6741573810577393),
            ["LowerTorso"] = CFrame.new(-0.20221315324306488, -0.17159438133239746, 0.01444709487259388, 0.9536615610122681, 0.16827954351902008, -0.24942269921302795, -0.17674259841442108, 0.9841868877410889, -0.011763854883611202, 0.24349893629550934, 0.055302370339632034, 0.968323290348053),
            ["Head"] = CFrame.new(-1.1175870895385742e-08, -1.1920928955078125e-07, 4.819594323635101e-08, 0.9984025955200195, -0.052416328340768814, -0.02108866162598133, 0.026172688230872154, 0.7598646283149719, -0.6495543718338013, 0.050071608275175095, 0.6479648351669312, 0.760022759437561),
            ["RightUpperArm"] = CFrame.new(1.1920928955078125e-07, -1.1920928955078125e-07, 6.51925802230835e-08, 0.8907140493392944, -0.30745771527290344, 0.33481115102767944, 0.1359158158302307, 0.8829953670501709, 0.4492729604244232, -0.43376901745796204, -0.3546674847602844, 0.8282846212387085),
            ["UpperTorso"] = CFrame.new(2.9802322387695312e-08, -5.960464477539063e-08, -9.313225746154785e-09, 0.9599422812461853, -0.22815415263175964, 0.16265493631362915, 0.16708706319332123, 0.9321029782295227, 0.32135042548179626, -0.2249286025762558, -0.2813003659248352, 0.9328866004943848),
            ["HumanoidRootPart"] = CFrame.new(0, 0, 0, 1, 0, 0, 0, 1, 0, 0, 0, 1),
            ["RightHand"] = CFrame.new(-1.043081283569336e-07, 5.960464477539063e-08, 6.51925802230835e-08, 0.9275142550468445, -0.2842678129673004, -0.24271203577518463, 0.2099812775850296, 0.9334478378295898, -0.2908312976360321, 0.3092330992221832, 0.21878544986248016, 0.9254772663116455),
            ["LeftUpperArm"] = CFrame.new(0, 0, 7.82310962677002e-08, 0.9818089604377747, 0.14826221764087677, 0.11861561983823776, -0.13160483539104462, 0.9816884398460388, -0.13772393763065338, -0.13686273992061615, 0.11960814893245697, 0.9833424687385559),
            ["RightLowerArm"] = CFrame.new(-1.1920928955078125e-07, -7.748603820800781e-07, 8.195638656616211e-08, 1, -3.8882728148337264e-08, 9.720680793634529e-08, 1.1734663019069558e-07, 0.758981466293335, -0.6511122584342957, -1.0244547432591844e-08, 0.6511123180389404, 0.7589815855026245),
            ["LeftHand"] = CFrame.new(9.685754776000977e-08, 1.1920928955078125e-07, -1.4901161193847656e-07, 0.849274754524231, -0.3058192729949951, -0.43035730719566345, 0.30956384539604187, 0.9487686157226562, -0.0633121207356453, 0.42767125368118286, -0.07945390790700912, 0.9004355669021606),
            ["RightUpperLeg"] = CFrame.new(5.960464477539063e-08, -1.3550743460655212e-07, 9.480572771281004e-09, 0.9574018716812134, 0.035089991986751556, 0.28661882877349854, 0.17534276843070984, 0.7179915308952332, -0.673604428768158, -0.22942666709423065, 0.695166826248169, 0.6812537908554077),
            ["LeftUpperLeg"] = CFrame.new(5.960464477539063e-08, -2.2212043404579163e-07, -1.1175870895385742e-08, 0.925840437412262, -0.06696511059999466, 0.37193429470062256, 0.15057027339935303, 0.9680508971214294, -0.20051471889019012, -0.34662380814552307, 0.24164701998233795, 0.9063436985015869),
            ["RightLowerLeg"] = CFrame.new(-1.955777406692505e-08, -0.000060677528381347656, -0.00007214367360575125, 1, -1.364387571811676e-07, -1.434236764907837e-07, 1.6344709763416176e-07, 0.1651231050491333, 0.9862729907035828, -1.378357268322361e-07, -0.9862730503082275, 0.16512322425842285),
            ["RightFoot"] = CFrame.new(-3.4691765904426575e-08, 2.980232238769531e-07, 4.7330104280263186e-08, 0.9843604564666748, 0.07434294372797012, -0.15971161425113678, -0.04522896558046341, 0.982856273651123, 0.1787402629852295, 0.17026154696941376, -0.1687210351228714, 0.9708471894264221),
            ["LeftLowerLeg"] = CFrame.new(8.66129994392395e-08, 0.00006097555160522461, 0.00007202476263046265, 1, 2.0489098417897367e-08, 1.210719791089332e-08, -7.543712854385376e-08, 0.7599452137947083, 0.6499871015548706, 3.4458935260772705e-08, -0.6499872207641602, 0.7599453330039978)
        }},
        [6] = {Time = 0.167, Data = {
            ["LeftFoot"] = CFrame.new(-9.109498932957649e-08, -5.960464477539063e-08, 7.450580596923828e-09, 0.9891743063926697, 0.0002510510093998164, -0.14674541354179382, -0.03936516493558884, 0.9638007283210754, -0.26370131969451904, 0.1413670778274536, 0.26662349700927734, 0.9533768892288208),
            ["LeftLowerArm"] = CFrame.new(1.7881393432617188e-07, -5.960464477539063e-08, 7.450580596923828e-09, 1, -8.009374852235851e-08, 1.67638020798222e-07, 6.030313670635223e-08, -0.6705836057662964, -0.7418339848518372, 1.3201497495174408e-07, 0.7418339848518372, -0.6705835461616516),
            ["LowerTorso"] = CFrame.new(-0.22468668222427368, -0.1788005828857422, 0.014447097666561604, 0.9579285383224487, 0.2127995789051056, -0.192585751414299, -0.2221827358007431, 0.9745955467224121, -0.02825601026415825, 0.181680366396904, 0.06985647231340408, 0.9808732867240906),
            ["Head"] = CFrame.new(-8.381903171539307e-09, -1.1920928955078125e-07, -2.444721758365631e-08, 0.9972790479660034, -0.07097680121660233, -0.019924411550164223, 0.04012983292341232, 0.7493878602981567, -0.6609141230583191, 0.061840519309043884, 0.6583161950111389, 0.7501970529556274),
            ["RightUpperArm"] = CFrame.new(0, 0, -2.7939677238464355e-08, 0.8288768529891968, -0.3962962329387665, 0.3948575556278229, 0.12687626481056213, 0.8205951452255249, 0.5572487711906433, -0.544853687286377, -0.411792516708374, 0.7304528951644897),
            ["UpperTorso"] = CFrame.new(8.055940270423889e-08, -2.9802322387695312e-08, 8.381903171539307e-09, 0.9665685296058655, -0.24434009194374084, 0.07773855328559875, 0.2023429274559021, 0.9130768775939941, 0.35404515266418457, -0.15748873353004456, -0.32647910714149475, 0.9319918155670166),
            ["HumanoidRootPart"] = CFrame.new(0, 0, 0, 1, 0, 0, 0, 1, 0, 0, 0, 1),
            ["RightHand"] = CFrame.new(-1.4901161193847656e-08, 1.7881393432617188e-07, 2.9802322387695312e-08, 0.9216582179069519, -0.2633526027202606, -0.2849413752555847, 0.20805931091308594, 0.955316424369812, -0.20995627343654633, 0.3275018036365509, 0.1342233270406723, 0.9352683424949646),
            ["LeftUpperArm"] = CFrame.new(0, 0, -9.313225746154785e-08, 0.9937844276428223, 0.0462452657520771, 0.10126151144504547, -0.008099262602627277, 0.9372559785842896, -0.348548024892807, -0.11102648824453354, 0.3455614149570465, 0.9318049550056458),
            ["RightLowerArm"] = CFrame.new(-2.9802322387695312e-08, 0, 2.905726432800293e-07, 1, 0, 4.190952029858863e-09, 1.1548399925231934e-07, 0.5902043581008911, -0.8072538375854492, 1.2665987014770508e-07, 0.8072538375854492, 0.5902044177055359),
            ["LeftHand"] = CFrame.new(1.4156103134155273e-07, -2.384185791015625e-07, 1.043081283569336e-07, 0.960324227809906, 0.07505613565444946, -0.268596351146698, -0.10509943962097168, 0.9894952774047852, -0.09926389902830124, 0.25832441449165344, 0.12355489283800125, 0.9581246376037598),
            ["RightUpperLeg"] = CFrame.new(0, 9.452924132347107e-08, 1.0411895345896482e-08, 0.936738133430481, 0.025672398507595062, 0.34908872842788696, 0.23384474217891693, 0.6961972713470459, -0.6786944270133972, -0.26045823097229004, 0.7173914313316345, 0.6461510062217712),
            ["LeftUpperLeg"] = CFrame.new(1.1920928955078125e-07, -7.264316082000732e-08, -1.7695128917694092e-08, 0.9064456224441528, -0.13128694891929626, 0.4013977348804474, 0.1925826221704483, 0.974376380443573, -0.11620092391967773, -0.3758569061756134, 0.18263201415538788, 0.9085027575492859),
            ["RightLowerLeg"] = CFrame.new(2.2351741790771484e-08, -0.000060498714447021484, -0.00007208732858998701, 1, -1.6577541828155518e-07, -1.6205018482651212e-07, 1.3597309589385986e-07, 0.0392715260386467, 0.9992285966873169, -1.2665987014770508e-07, -0.9992286562919617, 0.03927190974354744),
            ["RightFoot"] = CFrame.new(-1.4901161193847656e-08, 2.384185791015625e-07, -5.75528247281909e-09, 0.9543761014938354, 0.16311734914779663, -0.2501181662082672, -0.11668424308300018, 0.9747371673583984, 0.19045265018939972, 0.27486562728881836, -0.15257835388183594, 0.949299156665802),
            ["LeftLowerLeg"] = CFrame.new(-1.6996636986732483e-07, 0.000060677528381347656, 0.00007198750972747803, 1, 5.2852563214855763e-08, 8.137431706245479e-08, -2.1886080503463745e-08, 0.8249698877334595, 0.5651766061782837, 6.979098543524742e-08, -0.5651767253875732, 0.8249699473381042)
        }},
        [7] = {Time = 0.200, Data = {
            ["LeftFoot"] = CFrame.new(-4.819594323635101e-08, -1.7881393432617188e-07, 1.862645149230957e-08, 0.9762425422668457, -0.0030192648991942406, -0.21665985882282257, -0.06564687937498093, 0.9487875699996948, -0.30901890993118286, 0.2064971923828125, 0.3159003257751465, 0.9260485768318176),
            ["LeftLowerArm"] = CFrame.new(2.9802322387695312e-08, 7.152557373046875e-07, -1.7695128917694092e-08, 1, -7.078052277620372e-08, 1.401640332687748e-07, 7.019842485078698e-08, -0.5995725393295288, -0.8003205060958862, 1.4062968034522783e-07, 0.8003205060958862, -0.599572479724884),
            ["LowerTorso"] = CFrame.new(-0.2274704873561859, -0.19690942764282227, 0.014447100460529327, 0.9702256917953491, 0.22330442070960999, -0.09379411488771439, -0.22913748025894165, 0.9717392325401306, -0.05673499032855034, 0.0784742459654808, 0.07653748989105225, 0.9939737915992737),
            ["Head"] = CFrame.new(1.862645149230957e-09, -3.5762786865234375e-07, -5.3783878684043884e-08, 0.9971297979354858, -0.07300925999879837, -0.020047176629304886, 0.042429205030202866, 0.7581535577774048, -0.6506941914558411, 0.0627053752541542, 0.6479761004447937, 0.7590752840042114),
            ["RightUpperArm"] = CFrame.new(0, -2.384185791015625e-07, -4.470348358154297e-08, 0.7727540135383606, -0.5050616264343262, 0.38440099358558655, 0.13107800483703613, 0.7195711135864258, 0.6819353699684143, -0.6210231781005859, -0.476581871509552, 0.622253954410553),
            ["UpperTorso"] = CFrame.new(6.426125764846802e-08, -2.9802322387695312e-08, -1.0244548320770264e-08, 0.9761631488800049, -0.21455428004264832, -0.032743390649557114, 0.21115094423294067, 0.903913140296936, 0.3719630837440491, -0.05020909383893013, -0.3700104355812073, 0.9276699423789978),
            ["HumanoidRootPart"] = CFrame.new(0, 0, 0, 1, 0, 0, 0, 1, 0, 0, 0, 1),
            ["RightHand"] = CFrame.new(-1.4901161193847656e-08, -5.960464477539063e-08, -4.470348358154297e-08, 0.9310262203216553, -0.17308223247528076, -0.3212985098361969, 0.15058082342147827, 0.9841365218162537, -0.09381182491779327, 0.33243876695632935, 0.038959868252277374, 0.9423198699951172),
            ["LeftUpperArm"] = CFrame.new(1.1920928955078125e-07, -1.1920928955078125e-07, -7.078051567077637e-08, 0.9985060691833496, 0.019078828394412994, 0.05120360851287842, 0.006254095118492842, 0.8910053372383118, -0.4539499878883362, -0.05428334325551987, 0.4535919725894928, 0.8895547986030579),
            ["RightLowerArm"] = CFrame.new(1.1920928955078125e-07, 0, -1.2293457984924316e-07, 1, -5.5879347371501353e-08, 6.612390990312633e-08, 2.6077035641947077e-08, 0.39955130219459534, -0.9167108535766602, 3.725290653733282e-08, 0.9167107939720154, 0.3995514512062073),
            ["LeftHand"] = CFrame.new(-1.6298145055770874e-07, 5.960464477539063e-08, -1.1175870895385742e-07, 0.7484833002090454, 0.6144349575042725, -0.2494840919971466, -0.640083909034729, 0.7677373886108398, -0.029530059546232224, 0.17339402437210083, 0.18179386854171753, 0.9679285883903503),
            ["RightUpperLeg"] = CFrame.new(-2.9802322387695312e-08, 3.073364496231079e-08, -1.6596459317952394e-08, 0.9429437518119812, -0.006118676625192165, 0.3328961133956909, 0.24883565306663513, 0.6772565841674805, -0.6923903226852417, -0.22121959924697876, 0.7357215881347656, 0.6401374340057373),
            ["LeftUpperLeg"] = CFrame.new(8.940696716308594e-08, -6.065238267183304e-08, -1.6763806343078613e-08, 0.9156615734100342, -0.140590637922287, 0.3765612244606018, 0.19823645055294037, 0.9729288816452026, -0.11879284679889679, -0.3496659994125366, 0.18342219293117523, 0.9187437891960144),
            ["RightLowerLeg"] = CFrame.new(4.0978193283081055e-08, -0.00006073713302612305, -0.00007200444088084623, 1, -1.2293453721667902e-07, -1.937151665742931e-07, 1.6018749704471702e-07, -0.10671240091323853, 0.9942900538444519, -1.7136336794010276e-07, -0.9942899942398071, -0.1067122220993042),
            ["RightFoot"] = CFrame.new(-1.0710209608078003e-08, 2.980232238769531e-07, 6.129994289949536e-08, 0.9260340332984924, 0.16265510022640228, -0.34059420228004456, -0.12148750573396683, 0.9828063249588013, 0.13904157280921936, 0.3573538064956665, -0.08737912774085999, 0.9298726320266724),
            ["LeftLowerLeg"] = CFrame.new(8.381903171539307e-09, 0.00006079673767089844, 0.00007194280624389648, 1, 3.655442526451225e-08, -5.471520125865936e-09, -6.70552182668871e-08, 0.8221732378005981, 0.569237232208252, 7.054767792169514e-08, -0.569237470626831, 0.8221734166145325)
        }},
        [8] = {Time = 0.233, Data = {
            ["LeftFoot"] = CFrame.new(4.330649971961975e-08, 5.960464477539063e-08, 7.450580596923828e-09, 0.9633930325508118, -0.003948968835175037, -0.26806390285491943, -0.09405435621738434, 0.9313603043556213, -0.3517415225505829, 0.25105321407318115, 0.364077627658844, 0.8968944549560547),
            ["LeftLowerArm"] = CFrame.new(0, -7.152557373046875e-07, 8.940696716308594e-08, 1, -8.381905303167514e-08, 1.2613601541033859e-07, 8.288771624620495e-08, -0.39771726727485657, -0.9175081253051758, 1.1175872316471214e-07, 0.917508065700531, -0.3977172374725342),
            ["LowerTorso"] = CFrame.new(-0.21674306690692902, -0.2333204746246338, 0.014447100460529327, 0.9752790927886963, 0.21916088461875916, 0.028270184993743896, -0.21684521436691284, 0.9738035798072815, -0.06844580173492432, -0.04253024235367775, 0.06062350422143936, 0.9972543120384216),
            ["Head"] = CFrame.new(2.7939677238464355e-09, -1.1920928955078125e-07, 1.4435499906539917e-08, 0.9978294968605042, -0.05240076780319214, -0.03988133370876312, 0.01704758033156395, 0.7905415892601013, -0.612170934677124, 0.06360593438148499, 0.6101623773574829, 0.7897190451622009),
            ["RightUpperArm"] = CFrame.new(0, -1.1920928955078125e-07, -2.2351741790771484e-08, 0.7386401891708374, -0.605187177658081, 0.2969163656234741, 0.17442072927951813, 0.5970456004142761, 0.7830159068107605, -0.6511437892913818, -0.5265786051750183, 0.5465590357780457),
            ["UpperTorso"] = CFrame.new(6.146728992462158e-08, -1.4901161193847656e-07, -2.3283064365386963e-10, 0.9722310304641724, -0.1838715821504593, -0.14476974308490753, 0.22465980052947998, 0.9065514802932739, 0.3573409616947174, 0.06553638726472855, -0.37994182109832764, 0.9226859211921692),
            ["HumanoidRootPart"] = CFrame.new(0, 0, 0, 1, 0, 0, 0, 1, 0, 0, 0, 1),
            ["RightHand"] = CFrame.new(3.725290298461914e-08, 1.1920928955078125e-07, -1.4901161193847656e-08, 0.9550262689590454, 0.026011880487203598, -0.2953779697418213, -0.018924333155155182, 0.9994609355926514, 0.026829292997717857, 0.29591667652130127, -0.02003280259668827, 0.9550036787986755),
            ["LeftUpperArm"] = CFrame.new(0, -3.5762786865234375e-07, -8.568167686462402e-08, 0.9981544613838196, 0.04478149488568306, -0.041016582399606705, -0.05904318392276764, 0.8735901117324829, -0.48306742310523987, 0.014199361205101013, 0.48459765315055847, 0.8746219277381897),
            ["RightLowerArm"] = CFrame.new(-2.682209014892578e-07, 0, -9.313225746154785e-08, 1, -1.5273690223693848e-07, 2.8871003365793513e-08, 1.4994297714565619e-07, 0.18106882274150848, -0.9834704399108887, 4.842878453814592e-08, 0.9834704399108887, 0.18106891214847565),
            ["LeftHand"] = CFrame.new(-7.450580596923828e-09, 5.960464477539063e-08, -1.5634577721357346e-07, 0.7695555686950684, 0.48252806067466736, -0.4182714819908142, -0.5972943305969238, 0.7755951881408691, -0.20418521761894226, 0.2258843630552292, 0.406963050365448, 0.8850748538970947),
            ["RightUpperLeg"] = CFrame.new(5.960464477539063e-08, -1.592270564287901e-07, 2.0190782379359007e-08, 0.9408214688301086, -0.11540821194648743, 0.31864723563194275, 0.31082361936569214, 0.6685669422149658, -0.675579309463501, -0.1350695788860321, 0.7346422672271729, 0.6648734211921692),
            ["LeftUpperLeg"] = CFrame.new(-1.1920928955078125e-07, -1.2293457984924316e-07, 1.1175870895385742e-08, 0.9387251734733582, -0.11346380412578583, 0.3254551291465759, 0.1950186938047409, 0.9534244537353516, -0.230107843875885, -0.2841879725456238, 0.2794778347015381, 0.9171310663223267),
            ["RightLowerLeg"] = CFrame.new(4.470348358154297e-08, -0.00006014108657836914, -0.00007204541907412931, 1, -1.5646214990283625e-07, -1.8440199767155718e-07, 1.303851746570217e-07, -0.18691572546958923, 0.9823760390281677, -1.9371512394172896e-07, -0.982375979423523, -0.18691566586494446),
            ["RightFoot"] = CFrame.new(-4.423782229423523e-08, 4.172325134277344e-07, 6.316258804872632e-08, 0.9292291402816772, 0.1823357492685318, -0.3213825523853302, -0.16882076859474182, 0.9831803441047668, 0.06968551874160767, 0.32868334650993347, -0.010497760027647018, 0.9443820118904114),
            ["LeftLowerLeg"] = CFrame.new(-5.541369318962097e-08, 0.000060558319091796875, 0.00007204711437225342, 1, -4.190952029858863e-09, -1.7229462301315834e-08, -5.4948024796885875e-08, 0.7343716025352478, 0.6787475347518921, 3.6088746213636114e-08, -0.6787477135658264, 0.7343716621398926)
        }},
        [9] = {Time = 0.267, Data = {
            ["LeftFoot"] = CFrame.new(-1.8044374883174896e-08, -5.960464477539063e-08, 3.725290298461914e-08, 0.9524433016777039, -0.011552254669368267, -0.3044966161251068, -0.10777117311954498, 0.9219241738319397, -0.37207654118537903, 0.2850213348865509, 0.38719817996025085, 0.8768357634544373),
            ["LeftLowerArm"] = CFrame.new(-1.1920928955078125e-07, 2.384185791015625e-07, 2.9802322387695312e-08, 1, -8.940698847936801e-08, 1.005828522693264e-07, 6.519257311765614e-08, -0.08589180558919907, -0.9963045716285706, 9.685753354915505e-08, 0.9963045716285706, -0.08589179068803787),
            ["LowerTorso"] = CFrame.new(-0.1882140338420868, -0.26459693908691406, 0.014447101391851902, 0.970939040184021, 0.19467253983020782, 0.139212504029274, -0.18983887135982513, 0.9806740880012512, -0.04732523858547211, -0.1457349956035614, 0.019521964713931084, 0.9891310930252075),
            ["Head"] = CFrame.new(-2.7939677238464355e-09, -2.384185791015625e-07, 9.12696123123169e-08, 0.9976211786270142, -0.0030600382015109062, -0.06886743009090424, -0.03541704639792442, 0.8343313336372375, -0.5501244068145752, 0.05914153903722763, 0.55125492811203, 0.8322381973266602),
            ["RightUpperArm"] = CFrame.new(0, -3.5762786865234375e-07, -2.60770320892334e-08, 0.711797297000885, -0.6597832441329956, 0.24089591205120087, 0.2562660574913025, 0.5632747411727905, 0.7855247855186462, -0.6539666056632996, -0.49740099906921387, 0.5700175166130066),
            ["UpperTorso"] = CFrame.new(8.102506399154663e-08, -1.4901161193847656e-07, 7.450580596923828e-09, 0.9574511051177979, -0.16997474431991577, -0.23322945833206177, 0.23830929398536682, 0.9214750528335571, 0.30674514174461365, 0.1627761870622635, -0.34927424788475037, 0.9227738380432129),
            ["HumanoidRootPart"] = CFrame.new(0, 0, 0, 1, 0, 0, 0, 1, 0, 0, 0, 1),
            ["RightHand"] = CFrame.new(1.043081283569336e-07, 2.384185791015625e-07, -1.7881393432617188e-07, 0.9421775341033936, 0.2758790850639343, -0.19024264812469482, -0.2517751157283783, 0.9573941230773926, 0.14144259691238403, 0.22115832567214966, -0.0853656530380249, 0.9714946746826172),
            ["LeftUpperArm"] = CFrame.new(-1.1920928955078125e-07, -1.1920928955078125e-07, 7.450580596923828e-09, 0.9817333221435547, 0.10559920221567154, -0.15826763212680817, -0.1661442071199417, 0.8811596035957336, -0.4426666796207428, 0.09271389991044998, 0.460875928401947, 0.8826084733009338),
            ["RightLowerArm"] = CFrame.new(-1.1920928955078125e-07, 1.7881393432617188e-07, 5.21540641784668e-08, 1, -6.705522537231445e-08, 1.3038519597330378e-08, 4.6566135836201283e-08, -0.02927650511264801, -0.9995713829994202, 1.1175872316471214e-07, 0.9995714426040649, -0.0292765274643898),
            ["LeftHand"] = CFrame.new(1.4901161193847656e-08, -5.960464477539063e-08, -1.862645149230957e-07, 0.8060418367385864, 0.28633013367652893, -0.5179879069328308, -0.49075740575790405, 0.8125513792037964, -0.3145112991333008, 0.33083799481391907, 0.5077157020568848, 0.7954692244529724),
            ["RightUpperLeg"] = CFrame.new(0, -7.078051567077637e-08, 2.029992174357176e-09, 0.9196909070014954, -0.23579999804496765, 0.31395405530929565, 0.3883873224258423, 0.6637400984764099, -0.6392216682434082, -0.057655517011880875, 0.7098221778869629, 0.7020175457000732),
            ["LeftUpperLeg"] = CFrame.new(1.1920928955078125e-07, -3.5157427191734314e-08, 7.450580596923828e-09, 0.9614979028701782, -0.07588520646095276, 0.26412731409072876, 0.1737014800310135, 0.9125968217849731, -0.37012821435928345, -0.2129545658826828, 0.4017568528652191, 0.8906413316726685),
