return {
    ["Shake it"] = {
        {Time = 0.000, Data = {
            ["RightFoot"] = CFrame.new(-0.0030871331691741943, -0.015172600746154785, -0.00009996088192565367, 0.925666332244873, 0.3608485162258148, -0.11370343714952469, -0.3783378303050995, 0.8840926885604858, -0.2743031084537506, 0.0015482081798836589, 0.29693183302879333, 0.9548975229263306),
            ["LeftLowerArm"] = CFrame.new(-0.0004998650401830673, -0.00009959936141967773, -6.686896085739136e-07, 1, 7.078052277620372e-08, 9.499490261077881e-08, -1.1175872316471214e-07, 0.9998733401298523, -0.015916207805275917, -1.1269004573932762e-07, 0.015916243195533752, 0.9998733401298523),
            ["RightUpperArm"] = CFrame.new(-0.06937187910079956, -0.15677404403686523, 0.03460831940174103, 0.8473727703094482, -0.4584953486919403, -0.26785239577293396, 0.5303712487220764, 0.7062926888465881, 0.468886137008667, -0.02579975500702858, -0.5393816828727722, 0.8416656255722046),
            ["Head"] = CFrame.new(8.055940270423889e-08, -4.76837158203125e-07, -2.0489096641540527e-08, 0.9573919773101807, -0.28673210740089417, 0.034429289400577545, 0.2673078179359436, 0.924971342086792, 0.2701379954814911, -0.10930336266756058, -0.24942472577095032, 0.9622058868408203),
            ["RightHand"] = CFrame.new(-0.0000022649765014648438, 1.7881393432617188e-07, 2.9802322387695312e-08, 0.8329005837440491, -0.25932493805885315, 0.4889041483402252, -0.07372705638408661, 0.8235509395599365, 0.5624306201934814, -0.5484898090362549, -0.5044941902160645, 0.6668168306350708),
            ["UpperTorso"] = CFrame.new(-8.195638656616211e-08, -6.258487701416016e-07, 3.725290298461914e-09, 0.8957778811454773, 0.3084452748298645, -0.3200680911540985, -0.3622620701789856, 0.9238494634628296, -0.12356530129909515, 0.2575816512107849, 0.2266356199979782, 0.9393019080162048),
            ["HumanoidRootPart"] = CFrame.new(0, 0, 0, 1, 0, 0, 0, 1, 0, 0, 0, 1),
            ["RightUpperLeg"] = CFrame.new(-0.007808864116668701, -0.014770361594855785, 0.00010001489863498136, 0.9531392455101013, -0.2740401327610016, 0.12817713618278503, 0.30209454894065857, 0.8848966956138611, -0.35453537106513977, -0.016266440972685814, 0.3766428232192993, 0.926215648651123),
            ["LeftUpperArm"] = CFrame.new(0.06937193870544434, -0.15677380561828613, 0.034608326852321625, 0.883661150932312, 0.34129101037979126, -0.3204162120819092, -0.3568379878997803, 0.934102475643158, 0.010846249759197235, 0.3030009865760803, 0.10475219041109085, 0.9472147822380066),
            ["RightLowerArm"] = CFrame.new(-4.1909515857696533e-07, -1.1920928955078125e-07, 4.470348358154297e-07, 1, -1.974404284510456e-07, 1.0430814256778831e-07, 8.754432911928234e-08, 0.407780259847641, -0.9130800366401672, 1.1548401346317405e-07, 0.9130801558494568, 0.40778034925460815),
            ["LeftHand"] = CFrame.new(0.0000023543834686279297, 0.00010025501251220703, -2.086162567138672e-07, 0.9823389649391174, 0.01273044291883707, -0.186676487326622, 0.05522700399160385, 0.93350750207901, 0.3542793095111847, 0.17877404391765594, -0.35833191871643066, 0.9163177013397217),
            ["LeftFoot"] = CFrame.new(0.0030872076749801636, -0.015372514724731445, -8.195638656616211e-08, 0.8900496363639832, -0.45585963129997253, -0.0023813145235180855, 0.44665583968162537, 0.8731057047843933, -0.19540417194366455, 0.09116068482398987, 0.17285439372062683, 0.9807199239730835),
            ["LowerTorso"] = CFrame.new(0.0000030000851438671816, -0.19211483001708984, -0.017950469627976418, 0.950347900390625, -0.16584117710590363, 0.2633165121078491, 0.15213154256343842, 0.9857504963874817, 0.07177721709012985, -0.27146801352500916, -0.028154578059911728, 0.962035596370697),
            ["RightLowerLeg"] = CFrame.new(1.043081283569336e-07, -0.0001996755599975586, -0.0001033080552588217, 1, -1.1175874448099421e-08, 2.2351744632942427e-07, -6.705522537231445e-08, 0.8065875768661499, 0.5911146402359009, -1.862645149230957e-07, -0.5911148190498352, 0.8065875768661499),
            ["LeftUpperLeg"] = CFrame.new(0.0078088343143463135, -0.01477057859301567, 1.4901161193847656e-08, 0.719350278377533, 0.6924508810043335, 0.05525994673371315, -0.6172611117362976, 0.6736705899238586, -0.40638795495033264, -0.31862813234329224, 0.2582240700721741, 0.9120281338691711),
            ["LeftLowerLeg"] = CFrame.new(-1.825392246246338e-07, 2.384185791015625e-07, 0.0000033229589462280273, 1, 0, -7.450580596923828e-09, -1.4901161193847656e-08, 0.8342618346214294, 0.5513685345649719, 1.4901161193847656e-08, -0.5513685941696167, 0.8342617750167847),
        }},
        {Time = 0.033, Data = {
            ["RightFoot"] = CFrame.new(-0.0030872225761413574, -0.015172719955444336, -0.00010000744805438444, 0.9260864853858948, 0.37530866265296936, -0.0388159304857254, -0.37707290053367615, 0.9242482781410217, -0.059847693890333176, 0.013418188318610191, 0.07006073743104935, 0.9974526166915894),
            ["LeftLowerArm"] = CFrame.new(-0.0005002804100513458, -0.00009930133819580078, -7.674098014831543e-07, 1, 4.4703494239684005e-08, 1.410953842650997e-07, -9.406358003616333e-08, 0.9783963561058044, -0.20673790574073792, -1.7136335372924805e-07, 0.2067379355430603, 0.9783964157104492),
            ["RightUpperArm"] = CFrame.new(-0.06937187910079956, -0.15677368640899658, 0.03460828214883804, 0.8728846907615662, -0.4208836555480957, -0.2468450367450714, 0.4864894151687622, 0.7119212746620178, 0.5064520835876465, -0.037422895431518555, -0.5621611475944519, 0.8261802196502686),
            ["Head"] = CFrame.new(3.958120942115784e-09, 1.1920928955078125e-07, -2.2351741790771484e-08, 0.963647186756134, -0.2617459297180176, 0.053602635860443115, 0.24437174201011658, 0.9445762634277344, 0.21922191977500916, -0.10801221430301666, -0.19815362989902496, 0.9742015600204468),
            ["RightHand"] = CFrame.new(-0.000002384185791015625, 1.1920928955078125e-07, -1.2293457984924316e-07, 0.9457855224609375, -0.2363528162240982, 0.22277119755744934, 0.10037842392921448, 0.8650191426277161, 0.4915955364704132, -0.30889132618904114, -0.44258245825767517, 0.84184730052948),
            ["UpperTorso"] = CFrame.new(-5.8673322200775146e-08, -3.2782554626464844e-07, 1.6763806343078613e-08, 0.9374496340751648, 0.26681384444236755, -0.22360403835773468, -0.30551087856292725, 0.9384769797325134, -0.1610097587108612, 0.1668875813484192, 0.21925196051597595, 0.9612894058227539),
            ["HumanoidRootPart"] = CFrame.new(0, 0, 0, 1, 0, 0, 0, 1, 0, 0, 0, 1),
            ["RightUpperLeg"] = CFrame.new(-0.007808893918991089, -0.014770269393920898, 0.00010001489863498136, 0.9429062008857727, -0.30285078287124634, 0.13860563933849335, 0.3327023386955261, 0.8757047653198242, -0.3499264717102051, -0.015401923097670078, 0.37606191635131836, 0.9264664053916931),
            ["LeftUpperArm"] = CFrame.new(0.06937181949615479, -0.15677356719970703, 0.03460831940174103, 0.8720930814743042, 0.35553938150405884, -0.3362272381782532, -0.2962697744369507, 0.9304813742637634, 0.21546997129917145, 0.38945847749710083, -0.0882958397269249, 0.9168009161949158),
            ["RightLowerArm"] = CFrame.new(-3.296881914138794e-07, -2.384185791015625e-07, 5.662441253662109e-07, 1, -1.7508864402770996e-07, 9.685754776000977e-08, 1.0523945093154907e-07, 0.3567442297935486, -0.9342021942138672, 1.1734664440155029e-07, 0.9342021346092224, 0.35674411058425903),
            ["LeftHand"] = CFrame.new(0.000002473592758178711, 0.00010025501251220703, -9.12696123123169e-08, 0.8578158020973206, 0.11039990931749344, -0.5019600987434387, 0.10254069417715073, 0.9202594757080078, 0.3776348829269409, 0.5036243796348572, -0.3754124641418457, 0.7780925631523132),
            ["LeftFoot"] = CFrame.new(0.0030874162912368774, -0.01537257432937622, -1.2293457984924316e-07, 0.9180921316146851, -0.39421284198760986, -0.04128796607255936, 0.394337922334671, 0.9189488887786865, -0.005352361127734184, 0.040055278688669205, -0.01136911753565073, 0.9991329312324524),
            ["LowerTorso"] = CFrame.new(-0.01716456189751625, -0.08744931221008301, -0.024248575791716576, 0.9776442646980286, -0.1233520358800888, 0.17028214037418365, 0.11230245977640152, 0.9909815788269043, 0.07310068607330322, -0.17776358127593994, -0.05234336107969284, 0.9826801419258118),
            ["RightLowerLeg"] = CFrame.new(-7.450580596923828e-08, -0.00019973516464233398, -0.0001032484506140463, 1, -1.2293463669266202e-07, 1.788139627478813e-07, -9.685754776000977e-08, 0.866593062877655, 0.4990154802799225, -1.7881393432617188e-07, -0.4990156590938568, 0.866593062877655),
            ["LeftUpperLeg"] = CFrame.new(0.0078088343143463135, -0.014770613983273506, 0, 0.745894193649292, 0.6456508040428162, 0.1636580228805542, -0.5657635927200317, 0.7438116073608398, -0.3558799624443054, -0.35150185227394104, 0.17285628616809845, 0.9200900197029114),
            ["LeftLowerLeg"] = CFrame.new(-4.6566128730773926e-08, 1.7881393432617188e-07, 0.000003248453140258789, 1, 2.980232594040899e-08, 7.450581307466564e-08, 3.3061954951563166e-08, 0.88881516456604, 0.458266019821167, 1.4901162970204496e-08, -0.4582660496234894, 0.88881516456604),
        }},
        {Time = 0.067, Data = {
            ["RightFoot"] = CFrame.new(-0.0030872197821736336, -0.015172719955444336, -0.0001000353877316229, 0.936591625213623, 0.34255650639533997, 0.07383659482002258, -0.3504094183444977, 0.9136880040168762, 0.20588092505931854, 0.0030624212231487036, -0.21869927644729614, 0.9757874608039856),
            ["LeftLowerArm"] = CFrame.new(-0.000500507652759552, -0.0000997781753540039, -6.258487701416016e-07, 1, 1.1920927533992653e-07, -7.450580596923828e-09, -5.960464477539063e-08, 0.8209599256515503, -0.570985734462738, -8.940696716308594e-08, 0.570985734462738, 0.8209599852561951),
            ["RightUpperArm"] = CFrame.new(-0.06937187910079956, -0.15677332878112793, 0.03460828214883804, 0.9262998700141907, -0.3298909068107605, -0.18205103278160095, 0.3733707368373871, 0.7387300133705139, 0.5611334443092346, -0.05062586069107056, -0.5877498984336853, 0.8074568510055542),
            ["Head"] = CFrame.new(5.343463271856308e-08, 1.1920928955078125e-07, -3.725290298461914e-08, 0.9778010845184326, -0.20058821141719818, 0.06057613715529442, 0.18570442497730255, 0.9634917974472046, 0.19286642968654633, -0.09705134481191635, -0.1773357391357422, 0.9793533682823181),
            ["RightHand"] = CFrame.new(-0.000002384185791015625, 1.1920928955078125e-07, -1.1175870895385742e-07, 0.9427779912948608, -0.125169038772583, -0.3090347349643707, 0.17903651297092438, 0.9719484448432922, 0.15251947939395905, 0.28127503395080566, -0.19912046194076538, 0.9387414455413818),
            ["UpperTorso"] = CFrame.new(-3.91155481338501e-08, -5.364418029785156e-07, -4.656612873077393e-10, 0.978929340839386, 0.18612149357795715, -0.08400163054466248, -0.19934533536434174, 0.9602153897285461, -0.1955706924200058, 0.044259730726480484, 0.20819519460201263, 0.9770854711532593),
            ["HumanoidRootPart"] = CFrame.new(0, 0, 0, 1, 0, 0, 0, 1, 0, 0, 0, 1),
            ["RightUpperLeg"] = CFrame.new(-0.0078088343143463135, -0.014770520851016045, 0.0000999869589577429, 0.9363311529159546, -0.3481794595718384, 0.04535869508981705, 0.3347254693508148, 0.8461244702339172, -0.41476526856422424, 0.10603229701519012, 0.40353986620903015, 0.9087972640991211),
            ["LeftUpperArm"] = CFrame.new(0.06937181949615479, -0.15677320957183838, 0.034608326852321625, 0.8942585587501526, 0.323429673910141, -0.3093505799770355, -0.1993969827890396, 0.9067317843437195, 0.3715878129005432, 0.40067756175994873, -0.2706119418144226, 0.875342607498169),
            ["RightLowerArm"] = CFrame.new(-1.0104849934577942e-07, -6.556510925292969e-07, 7.003545761108398e-07, 1, -2.048909948371147e-07, 1.0314398934951896e-07, 1.5739350089916115e-07, 0.2585616409778595, -0.9659948945045471, 1.5273688802608376e-07, 0.9659948348999023, 0.2585615813732147),
            ["LeftHand"] = CFrame.new(0.0000026226043701171875, 0.00010013580322265625, -1.3783574104309082e-07, 0.7204126119613647, 0.1624286025762558, -0.6742571592330933, 0.1626376509666443, 0.9055142998695374, 0.3919094204902649, 0.6742067933082581, -0.39199596643447876, 0.6259268522262573),
            ["LeftFoot"] = CFrame.new(0.003087162971496582, -0.01537257432937622, -1.4901161193847656e-08, 0.9110168218612671, -0.40945303440093994, -0.04897351562976837, 0.4112381935119629, 0.8932963013648987, 0.1813914179801941, -0.0305202454328537, -0.18539173901081085, 0.9821907877922058),
            ["LowerTorso"] = CFrame.new(-0.040954284369945526, 0.024616241455078125, -0.030342483893036842, 0.997029185295105, -0.06094802916049957, 0.04709766432642937, 0.057213570922613144, 0.995392918586731, 0.07693873345851898, -0.051569946110248566, -0.0740155354142189, 0.9959228038787842),
            ["RightLowerLeg"] = CFrame.new(1.5366822481155396e-07, -0.00019949674606323242, -0.00010334530816180632, 1, -6.414486364292316e-08, 2.011657045386528e-07, -1.5832485544819974e-08, 0.9128672480583191, 0.4082563817501068, -1.8998983364326705e-07, -0.40825650095939636, 0.9128673076629639),
            ["LeftUpperLeg"] = CFrame.new(0.007808804512023926, -0.014770641922950745, 7.2177499532699585e-09, 0.8191653490066528, 0.5531820058822632, 0.1515382081270218, -0.5053051114082336, 0.8210375905036926, -0.2656300961971283, -0.2713575065135956, 0.1410215198993683, 0.9520907402038574),
            ["LeftLowerLeg"] = CFrame.new(-8.940696716308594e-08, 2.384185791015625e-07, 0.0000033490359783172607, 1, 3.725290653733282e-08, 3.725290653733282e-08, -1.1269004573932762e-07, 0.8968988656997681, 0.44223591685295105, -2.980232594040899e-08, -0.44223588705062866, 0.8968988656997681),
        }},
        {Time = 0.100, Data = {
            ["RightFoot"] = CFrame.new(-0.0030871033668518066, -0.015172839164733887, -0.00010001303598983213, 0.9608965516090393, 0.2753902077674866, 0.028972085565328598, -0.27194127440452576, 0.91875159740448, 0.28625473380088806, 0.05220874026417732, -0.2829411029815674, 0.9577153921127319),
            ["LeftLowerArm"] = CFrame.new(-0.000500112771987915, -0.00010019540786743164, -7.003545761108398e-07, 1, 5.587935447692871e-08, 1.4901164746561335e-08, 3.725290653733282e-08, 0.4565128982067108, -0.8897168040275574, -2.980232594040899e-08, 0.8897168040275574, 0.45651304721832275),
            ["RightUpperArm"] = CFrame.new(-0.06937199831008911, -0.15677428245544434, 0.03460825979709625, 0.9746800065040588, -0.20208366215229034, -0.09571723639965057, 0.21920393407344818, 0.7790245413780212, 0.587426483631134, -0.044142816215753555, -0.5935342907905579, 0.8035971522331238),
            ["Head"] = CFrame.new(-1.2565578799694777e-08, -3.5762786865234375e-07, -1.1184602044522762e-07, 0.9918173551559448, -0.11442539095878601, 0.056614745408296585, 0.10223706066608429, 0.9774885773658752, 0.18456359207630157, -0.07645901292562485, -0.1772652417421341, 0.9811886548995972),
            ["RightHand"] = CFrame.new(-0.0000022351741790771484, 4.172325134277344e-07, -1.2665987014770508e-07, 0.6230359673500061, -0.051356811076402664, -0.7805054187774658, -0.14465336501598358, 0.9730654954910278, -0.17949630320072174, 0.7687012553215027, 0.2247353345155716, 0.5988258123397827),
            ["UpperTorso"] = CFrame.new(-6.05359673500061e-08, -6.556510925292969e-07, 5.587935447692871e-09, 0.9942660331726074, 0.07645352184772491, 0.07476632297039032, -0.058977287262678146, 0.9752741456031799, -0.21298405528068542, -0.08920102566480637, 0.20735327899456024, 0.974190890789032),
            ["HumanoidRootPart"] = CFrame.new(0, 0, 0, 1, 0, 0, 0, 1, 0, 0, 0, 1),
            ["RightUpperLeg"] = CFrame.new(-0.0078088343143463135, -0.014770401641726494, 0.00010000092879636213, 0.925540566444397, -0.36493638157844543, -0.10099136084318161, 0.26622986793518066, 0.8168326020240784, -0.5117661952972412, 0.2692517638206482, 0.4467727541923523, 0.8531683087348938),
            ["LeftUpperArm"] = CFrame.new(0.06937193870544434, -0.15677404403686523, 0.034608274698257446, 0.9445627331733704, 0.23997701704502106, -0.22408510744571686, -0.12595658004283905, 0.8951181769371033, 0.42766571044921875, 0.3032100796699524, -0.37573203444480896, 0.8757213354110718),
            ["RightLowerArm"] = CFrame.new(-6.193295121192932e-08, -1.1920928955078125e-07, 6.854534149169922e-07, 1, -1.9278377294540405e-07, 1.4528633585086936e-07, 1.6763806343078613e-07, 0.13394033908843994, -0.9909895062446594, 1.7136335372924805e-07, 0.9909894466400146, 0.13394032418727875),
            ["LeftHand"] = CFrame.new(0.000002771615982055664, 0.00010013580322265625, -2.8312206268310547e-07, 0.9936829805374146, -0.0153568796813488, -0.11116839945316315, 0.06262931227684021, 0.8978704810142517, 0.435782253742218, 0.09312251955270767, -0.43999189138412476, 0.893160343170166),
            ["LeftFoot"] = CFrame.new(0.0030871890485286713, -0.015372693538665771, -5.960464477539063e-08, 0.9136419892311096, -0.4028172492980957, -0.05475609004497528, 0.40552425384521484, 0.8936768770217896, 0.19206811487674713, -0.028433727100491524, -0.19768640398979187, 0.9798529148101807),
            ["LowerTorso"] = CFrame.new(-0.07273564487695694, 0.12410378456115723, -0.035812560468912125, 0.9965028166770935, 0.011870205402374268, -0.0827120766043663, -0.004998445976525545, 0.996553897857666, 0.08279727399349213, 0.0834098607301712, -0.08209428936243057, 0.9931280612945557),
            ["RightLowerLeg"] = CFrame.new(-5.21540641784668e-08, -0.0001995563507080078, -0.00010342726454837248, 1, -3.8184236217375656e-08, 2.2444874048233032e-07, 1.4901159417490817e-08, 0.9125069379806519, 0.4090612232685089, -1.937150670983101e-07, -0.4090613126754761, 0.9125069379806519),
            ["LeftUpperLeg"] = CFrame.new(0.00780874490737915, -0.0147707499563694, 3.725290298461914e-09, 0.9190073013305664, 0.392410010099411, 0.03798503056168556, -0.37633609771728516, 0.9018936157226562, -0.21202906966209412, -0.11745933443307877, 0.1805608570575714, 0.9765248894691467),
            ["LeftLowerLeg"] = CFrame.new(-1.4726538211107254e-07, 1.7881393432617188e-07, 0.0000033155083656311035, 1, 3.3993273973464966e-08, 2.7939680791178034e-08, -1.0360964530775618e-08, 0.8513883352279663, 0.5245358943939209, -2.51457130673316e-08, -0.5245358943939209, 0.8513884544372559),
        }},
        {Time = 0.133, Data = {
            ["RightFoot"] = CFrame.new(-0.0030871443450450897, -0.015172719955444336, -0.00010000186011893675, 0.9858295321464539, 0.16581588983535767, 0.02542206645011902, -0.16715805232524872, 0.9582732915878296, 0.23187950253486633, 0.014083062298595905, -0.2328466773033142, 0.9724122285842896),
            ["LeftLowerArm"] = CFrame.new(-0.0005000382661819458, -0.00009965896606445312, -5.289912223815918e-07, 1, 2.980232594040899e-08, -1.1175872671742582e-08, 5.587936779960501e-09, 0.17922979593276978, -0.9838072657585144, -2.2351747119842003e-08, 0.9838073253631592, 0.17922979593276978),
            ["RightUpperArm"] = CFrame.new(-0.06937181949615479, -0.15677392482757568, 0.034608326852321625, 0.9957091212272644, -0.05847563222050667, -0.07172225415706635, 0.08822660148143768, 0.8337090611457825, 0.5451103448867798, 0.02791956067085266, -0.5490991473197937, 0.8352907299995422),
            ["Head"] = CFrame.new(6.51925802230835e-09, -2.384185791015625e-07, -1.9208528101444244e-08, 0.9990172386169434, -0.022871393710374832, 0.03796699643135071, 0.014771565794944763, 0.9794142246246338, 0.20132000744342804, -0.04178987815976143, -0.20056132972240448, 0.9787894487380981),
            ["RightHand"] = CFrame.new(-0.000002175569534301758, -5.960464477539063e-08, -3.2782554626464844e-07, 0.22217752039432526, -0.05278855562210083, -0.9735761284828186, -0.5592667460441589, 0.8110319375991821, -0.17160414159297943, 0.7986600399017334, 0.582615315914154, 0.15067017078399658),
            ["UpperTorso"] = CFrame.new(-1.7695128917694092e-08, -7.152557373046875e-07, 6.51925802230835e-09, 0.9725989103317261, -0.037533219903707504, 0.2294401377439499, 0.08672632277011871, 0.9742199182510376, -0.20826485753059387, -0.21570828557014465, 0.2224566638469696, 0.9507802128791809),
            ["HumanoidRootPart"] = CFrame.new(0, 0, 0, 1, 0, 0, 0, 1, 0, 0, 0, 1),
            ["RightUpperLeg"] = CFrame.new(-0.007808804512023926, -0.014770474284887314, 0.00009999627218348905, 0.8967921733856201, -0.36516302824020386, -0.24984794855117798, 0.15503913164138794, 0.7882261872291565, -0.5955344438552856, 0.414399117231369, 0.4953336715698242, 0.7634885907173157),
            ["LeftUpperArm"] = CFrame.new(0.06937175989151001, -0.15677368640899658, 0.034608349204063416, 0.9853825569152832, 0.14454209804534912, -0.09016197919845581, -0.09305071085691452, 0.8999929428100586, 0.4258570671081543, 0.14269812405109406, -0.41124242544174194, 0.9002870321273804),
            ["RightLowerArm"] = CFrame.new(-2.9476359486579895e-07, -1.1920928955078125e-07, 2.905726432800293e-07, 1, -1.881271884940361e-07, 1.7136336794010276e-07, 1.774169930968128e-07, 0.05883842334151268, -0.9982675909996033, 1.8067662210796698e-07, 0.9982675313949585, 0.058838408440351486),
            ["LeftHand"] = CFrame.new(0.0000025331974029541016, 0.00010025501251220703, 8.940696716308594e-08, 0.4964321553707123, -0.2405906766653061, 0.8340691328048706, 0.06512484699487686, 0.9684399962425232, 0.24058866500854492, -0.8656291961669922, -0.06511722505092621, 0.49643316864967346),
            ["LeftFoot"] = CFrame.new(0.0030872300267219543, -0.015372693538665771, -9.313225746154785e-08, 0.9561830759048462, -0.2572593092918396, -0.1397591084241867, 0.2713688313961029, 0.9579437971115112, 0.09328927099704742, 0.10987687110900879, -0.12712763249874115, 0.9857811331748962),
            ["LowerTorso"] = CFrame.new(-0.10971073061227798, 0.18554329872131348, -0.040239300578832626, 0.9773983955383301, 0.08242098242044449, -0.1946771740913391, -0.06585025042295456, 0.9937517642974854, 0.09011869877576828, 0.20088844001293182, -0.07526233792304993, 0.9767187237739563),
            ["RightLowerLeg"] = CFrame.new(-8.940696716308594e-08, -0.00019979476928710938, -0.00010332295642001554, 1, -9.685758328714655e-08, 2.398156198069046e-07, -2.980232594040899e-08, 0.8318880796432495, 0.554943323135376, -2.4586918812019576e-07, -0.5549434423446655, 0.8318881988525391),
            ["LeftUpperLeg"] = CFrame.new(0.007808864116668701, -0.014770861715078354, 7.450580596923828e-09, 0.9807467460632324, 0.19488027691841125, 0.012572992593050003, -0.18544639647006989, 0.9495847821235657, -0.2527804374694824, -0.06120021641254425, 0.2455819696187973, 0.967441976070404),
            ["LeftLowerLeg"] = CFrame.new(-1.043081283569336e-07, 1.1920928955078125e-07, 0.0000033229589462280273, 1, 5.587935447692871e-08, 6.705522537231445e-08, -6.332993507385254e-08, 0.804251492023468, 0.5942890644073486, 3.725290298461914e-09, -0.5942891240119934, 0.8042515516281128),
        }},
        {Time = 0.167, Data = {
            ["RightFoot"] = CFrame.new(-0.0030872318893671036, -0.015172719955444336, -0.0000999627445708029, 0.9933292269706726, 0.09778300672769547, 0.06112242862582207, -0.11395472288131714, 0.9134789109230042, 0.3905966877937317, -0.017644209787249565, -0.39496156573295593, 0.9185304641723633),
            ["LeftLowerArm"] = CFrame.new(-0.0005002841353416443, -0.00009989738464355469, -7.748603820800781e-07, 1, 1.3969836842875338e-08, -2.7939670577126208e-09, -4.190951585769653e-09, 0.09817396849393845, -0.9951692819595337, -1.6298145055770874e-08, 0.9951693415641785, 0.09817396849393845),
            ["RightUpperArm"] = CFrame.new(-0.06937181949615479, -0.15677404403686523, 0.034608252346515656, 0.9869111180305481, 0.06617074459791183, -0.1470656841993332, 0.008088442496955395, 0.8904851078987122, 0.45494043827056885, 0.16106213629245758, -0.45017531514167786, 0.8782942891120911),
            ["Head"] = CFrame.new(-9.313225746154785e-09, -1.1920928955078125e-07, -4.563480615615845e-08, 0.9986622929573059, 0.050406359136104584, 0.011524079367518425, -0.05167184770107269, 0.964675784111023, 0.2583228349685669, 0.0019041179912164807, -0.2585727274417877, 0.9659899473190308),
            ["RightHand"] = CFrame.new(-0.0000022649765014648438, 0, -9.592622518539429e-08, 0.03974158689379692, -0.06818944215774536, -0.9968805909156799, -0.7077475786209106, 0.7023378014564514, -0.07625693082809448, 0.7053468227386475, 0.7085703611373901, -0.020348908379673958),
            ["UpperTorso"] = CFrame.new(-5.21540641784668e-08, -5.662441253662109e-07, 9.313225746154785e-09, 0.926188051700592, -0.12381526082754135, 0.35615378618240356, 0.20102253556251526, 0.9612623453140259, -0.18858636915683746, -0.3190073072910309, 0.24626143276691437, 0.9151992201805115),
            ["HumanoidRootPart"] = CFrame.new(0, 0, 0, 1, 0, 0, 0, 1, 0, 0, 0, 1),
            ["RightUpperLeg"] = CFrame.new(-0.007808864116668701, -0.014770375564694405, 0.00010002979979617521, 0.8610104918479919, -0.3921266198158264, -0.32388755679130554, 0.11010724306106567, 0.765444815158844, -0.634010374546051, 0.49652525782585144, 0.5102264881134033, 0.7022305130958557),
            ["LeftUpperArm"] = CFrame.new(0.06937187910079956, -0.15677368640899658, 0.034608274698257446, 0.9940958619117737, 0.07069650292396545, 0.08231393992900848, -0.09745056927204132, 0.9153146743774414, 0.39077162742614746, -0.04771653562784195, -0.39648595452308655, 0.9167999029159546),
            ["RightLowerArm"] = CFrame.new(-1.30385160446167e-07, 1.1920928955078125e-07, 5.811452865600586e-07, 1, -1.8253919620292436e-07, 1.6484408149608498e-07, 1.7601995239147072e-07, 0.02311389334499836, -0.9997328519821167, 1.8253919620292436e-07, 0.9997329115867615, 0.02311387099325657),
            ["LeftHand"] = CFrame.new(0.000002384185791015625, 0.00010001659393310547, -1.3783574104309082e-07, -0.11661683768033981, -0.18026334047317505, 0.9766809344291687, 0.3435424268245697, 0.9153649806976318, 0.20996566116809845, -0.9318686127662659, 0.36001694202423096, -0.04481888934969902),
            ["LeftFoot"] = CFrame.new(0.003087172284722328, -0.01537257432937622, -7.450580596923828e-08, 0.9595451951026917, -0.21558453142642975, -0.1811012327671051, 0.24959038197994232, 0.9489737153053284, 0.19275380671024323, 0.13029813766479492, -0.23015724122524261, 0.9643900990486145),
            ["LowerTorso"] = CFrame.new(-0.1383998543024063, 0.20887398719787598, -0.043203044682741165, 0.9515815377235413, 0.1376078873872757, -0.274875670671463, -0.1146482452750206, 0.9885609149932861, 0.09799566864967346, 0.2852163016796112, -0.06173685938119888, 0.9564728140830994),
            ["RightLowerLeg"] = CFrame.new(-8.940696716308594e-08, -0.0001996755599975586, -0.00010341236338717863, 1, -8.940698137394065e-08, 1.6251583190296515e-07, -4.842878098543224e-08, 0.7827062010765076, 0.6223912239074707, -2.1047893028480757e-07, -0.622391402721405, 0.7827062606811523),
            ["LeftUpperLeg"] = CFrame.new(0.007808804512023926, -0.01477078441530466, 1.4901161193847656e-08, 0.9979841709136963, 0.0616200789809227, 0.015185903757810593, -0.053813159465789795, 0.9484825730323792, -0.31222614645957947, -0.0336424894630909, 0.31077954173088074, 0.9498865008354187),
            ["LeftLowerLeg"] = CFrame.new(1.564621925354004e-07, 2.980232238769531e-07, 0.000003337860107421875, 1, 2.9802318834981634e-08, 6.705523247774181e-08, -5.2154071283894154e-08, 0.7987926602363586, 0.6016064286231995, -1.4901162970204496e-08, -0.6016064286231995, 0.7987927794456482),
        }},
        {Time = 0.200, Data = {
            ["RightFoot"] = CFrame.new(-0.0030872137285768986, -0.01517266035079956, -0.00009995995060307905, 0.9975632429122925, 0.055451277643442154, 0.04234358295798302, -0.06840222328901291, 0.8967796564102173, 0.43715229630470276, -0.013735055923461914, -0.43898916244506836, 0.8983902335166931),
            ["LeftLowerArm"] = CFrame.new(-0.0004999563097953796, -0.00009971857070922852, -9.834766387939453e-07, 1, 3.9115551686563776e-08, 1.4901161193847656e-08, 1.862645149230957e-09, 0.213861346244812, -0.9768640995025635, 1.862645149230957e-09, 0.9768640995025635, 0.2138613760471344),
            ["RightUpperArm"] = CFrame.new(-0.06937181949615479, -0.15677368640899658, 0.03460834175348282, 0.9502284526824951, 0.1425812542438507, -0.2770165503025055, -0.047835156321525574, 0.9453624486923218, 0.32249218225479126, 0.3078599274158478, -0.29319003224372864, 0.9051302075386047),
            ["Head"] = CFrame.new(-1.210719347000122e-08, 0, -4.0978193283081055e-08, 0.9946802854537964, 0.10238051414489746, -0.011374625377357006, -0.09382732212543488, 0.9460413455963135, 0.3101648688316345, 0.042515695095062256, -0.3074477016925812, 0.9506146907806396),
            ["RightHand"] = CFrame.new(-0.0000021457672119140625, 1.1920928955078125e-07, -3.725290298461914e-08, 0.013604533858597279, -0.05195426568388939, -0.9985567927360535, -0.6863044500350952, 0.7257868647575378, -0.04711261764168739, 0.7271871566772461, 0.6859550476074219, -0.025782452896237373),
            ["UpperTorso"] = CFrame.new(-1.0803341865539551e-07, -5.364418029785156e-07, -1.30385160446167e-08, 0.876111626625061, -0.1799219399690628, 0.44727686047554016, 0.2790435254573822, 0.9458001852035522, -0.16612328588962555, -0.39314529299736023, 0.2703522741794586, 0.8788325190544128),
            ["HumanoidRootPart"] = CFrame.new(0, 0, 0, 1, 0, 0, 0, 1, 0, 0, 0, 1),
            ["RightUpperLeg"] = CFrame.new(-0.007808893918991089, -0.014770368114113808, 0.00009997764573199674, 0.8527339100837708, -0.39695560932159424, -0.3395247757434845, 0.11178311705589294, 0.7736119031906128, -0.6237208247184753, 0.510244607925415, 0.4939138889312744, 0.7040563821792603),
            ["LeftUpperArm"] = CFrame.new(0.06937193870544434, -0.15677368640899658, 0.03460836410522461, 0.9783397912979126, 0.028611868619918823, 0.2050202637910843, -0.10554108023643494, 0.920952558517456, 0.3751099705696106, -0.1780797690153122, -0.38862311840057373, 0.9040238857269287),
            ["RightLowerArm"] = CFrame.new(-1.5087425708770752e-07, -3.5762786865234375e-07, 6.556510925292969e-07, 1, -2.0337756723165512e-07, 1.5972183575740928e-07, 1.7369166016578674e-07, 0.04480297118425369, -0.9989959001541138, 1.7404090613126755e-07, 0.998995840549469, 0.044803012162446976),
            ["LeftHand"] = CFrame.new(0.000002652406692504883, 0.00010031461715698242, -4.544854164123535e-07, -0.21112099289894104, -0.12592361867427826, 0.9693148136138916, 0.5259515643119812, 0.8212352395057678, 0.22124120593070984, -0.8238950371742249, 0.5565213561058044, -0.10715025663375854),
            ["LeftFoot"] = CFrame.new(0.0030874088406562805, -0.015372633934020996, -4.470348358154297e-08, 0.9647361636161804, -0.2061939686536789, -0.16361086070537567, 0.25232046842575073, 0.901456892490387, 0.351724237203598, 0.07495640218257904, -0.38060426712036133, 0.9216949939727783),
            ["LowerTorso"] = CFrame.new(-0.15557807683944702, 0.19121265411376953, -0.04428426921367645, 0.9279540777206421, 0.1777905970811844, -0.3275541067123413, -0.15046945214271545, 0.9827893376350403, 0.10716383904218674, 0.34096941351890564, -0.050156235694885254, 0.9387354254722595),
            ["RightLowerLeg"] = CFrame.new(-3.3527612686157227e-08, -0.0001995563507080078, -0.00010334530816180632, 1, -1.1548404188488348e-07, 2.691522524855827e-07, -5.960465188081798e-08, 0.8011593222618103, 0.5984510183334351, -2.9057267170173873e-07, -0.5984511375427246, 0.8011595010757446),
            ["LeftUpperLeg"] = CFrame.new(0.007808804512023926, -0.014770562760531902, -1.4901161193847656e-08, 0.9997802972793579, 0.006717905402183533, 0.01985979825258255, 0.0008267051889561117, 0.9338810443878174, -0.3575831353664398, -0.020948657765984535, 0.3575208783149719, 0.9336701035499573),
            ["LeftLowerLeg"] = CFrame.new(-7.450580596923828e-08, 0, 0.0000032335519790649414, 1, 2.9802318834981634e-08, 8.568168397005138e-08, -4.842878453814592e-08, 0.8063755035400391, 0.5914039015769958, -3.725291186640334e-09, -0.5914038419723511, 0.8063755631446838),
        }},
        {Time = 0.233, Data = {
            ["RightFoot"] = CFrame.new(-0.003087153658270836, -0.015172898769378662, -0.0000999869589577429, 0.9983924031257629, 0.05013551935553551, 0.026447642594575882, -0.055561650544404984, 0.9578683376312256, 0.2817753851413727, -0.011209777556359768, -0.28279823064804077, 0.9591159224510193),
            ["LeftLowerArm"] = CFrame.new(-0.0005002617835998535, -0.00009971857070922852, -8.046627044677734e-07, 1, 4.284084198502569e-08, 0, -2.6077035641947077e-08, 0.16229714453220367, -0.9867420196533203, -1.9557775843281888e-08, 0.9867420196533203, 0.1622971147298813),
            ["RightUpperArm"] = CFrame.new(-0.06937193870544434, -0.15677404403686523, 0.03460824862122536, 0.9051867723464966, 0.17547649145126343, -0.3871017098426819, -0.11515934020280838, 0.977981686592102, 0.1740388423204422, 0.40911516547203064, -0.11295922845602036, 0.9054627418518066),
            ["Head"] = CFrame.new(-3.725290298461914e-09, 0, -9.313225746154785e-08, 0.9900412559509277, 0.13767267763614655, -0.02940392680466175, -0.12033478915691376, 0.9360062479972839, 0.33077478408813477, 0.07306090742349625, -0.3239424228668213, 0.9432514905929565),
            ["RightHand"] = CFrame.new(-0.0000022649765014648438, 2.384185791015625e-07, -5.066394805908203e-07, -0.032131291925907135, -0.008441886864602566, -0.9994480013847351, -0.6297378540039062, 0.7766870260238647, 0.013685080222785473, 0.7761428952217102, 0.6298301815986633, -0.03027217462658882),
            ["UpperTorso"] = CFrame.new(-6.146728992462158e-08, -6.854534149169922e-07, -9.313225746154785e-09, 0.8397763967514038, -0.20916002988815308, 0.5010268092155457, 0.32369011640548706, 0.933754563331604, -0.1527327597141266, -0.43589040637016296, 0.2904387414455414, 0.8518480062484741),
            ["HumanoidRootPart"] = CFrame.new(0, 0, 0, 1, 0, 0, 0, 1, 0, 0, 0, 1),
            ["RightUpperLeg"] = CFrame.new(-0.007808864116668701, -0.014770525507628918, 0.00009999254689319059, 0.8537003993988037, -0.39403003454208374, -0.3405020833015442, 0.1175069808959961, 0.7827299237251282, -0.6111665964126587, 0.5073338747024536, 0.4817409813404083, 0.7145165205001831),
            ["LeftUpperArm"] = CFrame.new(0.06937187910079956, -0.15677344799041748, 0.03460825979709625, 0.9668359160423279, 0.0023378953337669373, 0.25538957118988037, -0.10292454063892365, 0.9187307953834534, 0.3812350034713745, -0.23374103009700775, -0.394877552986145, 0.8885021209716797),
            ["RightLowerArm"] = CFrame.new(-1.1827796697616577e-07, 2.980232238769531e-07, 6.170012056827545e-07, 1, -1.6111880540847778e-07, 1.452862647965958e-07, 1.7741695046424866e-07, 0.15461018681526184, -0.987975537776947, 1.5016848919913173e-07, 0.9879755973815918, 0.15461015701293945),
            ["LeftHand"] = CFrame.new(0.000002652406692504883, 0.00010001659393310547, -3.1013041734695435e-07, -0.2290758192539215, -0.08394350856542587, 0.9697824120521545, 0.6391206979751587, 0.7384757399559021, 0.21489080786705017, -0.7341995239257812, 0.6690344214439392, -0.11551697552204132),
            ["LeftFoot"] = CFrame.new(0.003087185323238373, -0.015372693538665771, -1.4901161193847656e-08, 0.9639367461204529, -0.20575103163719177, -0.16879799962043762, 0.2568601667881012, 0.8852437138557434, 0.38777101039886475, 0.06963430345058441, -0.41714534163475037, 0.9061682820320129),
            ["LowerTorso"] = CFrame.new(-0.16647285223007202, 0.15703797340393066, -0.04184374958276749, 0.912882387638092, 0.19911198318004608, -0.35637083649635315, -0.16770054399967194, 0.9788331985473633, 0.11731194704771042, 0.3721857964992523, -0.047328412532806396, 0.9269508719444275),
            ["RightLowerLeg"] = CFrame.new(-8.940696716308594e-08, -0.0001996755599975586, -0.00010333413229091093, 1, -9.872022843637751e-08, 2.486631558440422e-07, -5.774199962615967e-08, 0.8104152083396912, 0.5858559012413025, -1.5739351511001587e-07, -0.5858561396598816, 0.8104152679443359),
            ["LeftUpperLeg"] = CFrame.new(0.007808804512023926, -0.0147708710283041, 0, 0.9994423985481262, -0.013165287673473358, 0.03068888559937477, 0.02391906827688217, 0.9235012531280518, -0.3828490972518921, -0.023300565779209137, 0.3833695352077484, 0.9233010411262512),
            ["LeftLowerLeg"] = CFrame.new(-1.4901161193847656e-07, 2.384185791015625e-07, 0.00000311434268951416, 1, 6.705523247774181e-08, 4.842878098543224e-08, -6.33299421792799e-08, 0.797926127910614, 0.6027553081512451, 1.4901162970204496e-08, -0.6027552485466003, 0.7979261875152588),
        }},
        {Time = 0.267, Data = {
            ["RightFoot"] = CFrame.new(-0.0030872169882059097, -0.015172779560089111, -0.00009999627218348905, 0.9978070855140686, 0.06594166159629822, 0.005763961933553219, -0.06618151068687439, 0.9952692985534668, 0.0711190477013588, -0.0010501663200557232, -0.07135001569986343, 0.9974511861801147),
            ["LeftLowerArm"] = CFrame.new(-0.0005002319812774658, -0.00009864568710327148, -5.960464477539062e-07, 1, 2.60770320892334e-08, 0, 1.4901164746561335e-08, 0.06923943758010864, -0.9976001381874084, -2.980232949312267e-08, 0.9976000785827637, 0.06923948228359222),
            ["RightUpperArm"] = CFrame.new(-0.06937199831008911, -0.15677392482757568, 0.03460836410522461, 0.8831443786621094, 0.17406180500984192, -0.43561670184135437, -0.16825109720230103, 0.9843596816062927, 0.05221996828913689, 0.43789002299308777, 0.027175189927220345, 0.8986163139343262),
            ["Head"] = CFrame.new(-5.21540641784668e-08, -3.5762786865234375e-07, 8.940696716308594e-08, 0.9875453114509583, 0.15223877131938934, -0.03972097486257553, -0.13057681918144226, 0.9338823556900024, 0.3328865170478821, 0.08777295798063278, -0.32355383038520813, 0.9421299695968628),
            ["RightHand"] = CFrame.new(-0.0000024437904357910156, 5.960464477539063e-08, 7.450580596923828e-09, -0.07041597366333008, 0.04897135868668556, -0.9963148832321167, -0.5626036524772644, 0.8228267431259155, 0.08020677417516708, 0.8237224817276001, 0.5661784410476685, -0.030388711020350456),
            ["UpperTorso"] = CFrame.new(-4.0978193283081055e-08, -5.960464477539062e-07, 2.2351741790771484e-08, 0.826141893863678, -0.21870246529579163, 0.5192868709564209, 0.3401271104812622, 0.9283156991004944, -0.1501450091600418, -0.44922512769699097, 0.30066463351249695, 0.8413070440292358),
            ["HumanoidRootPart"] = CFrame.new(0, 0, 0, 1, 0, 0, 0, 1, 0, 0, 0, 1),
            ["RightUpperLeg"] = CFrame.new(-0.0078088343143463135, -0.014770561829209328, 0.00009999999747378752, 0.8597803711891174, -0.3749275207519531, -0.3467170000076294, 0.11578184366226196, 0.804382860660553, -0.5827187895774841, 0.4973653256893158, 0.4608660638332367, 0.735000729560852),
            ["LeftUpperArm"] = CFrame.new(0.06937199831008911, -0.15677368640899658, 0.03460845351219177, 0.9616283774375916, -0.017410729080438614, 0.27380454540252686, -0.09444602578878403, 0.9159798622131348, 0.3899495303630829, -0.25758662819862366, -0.4008462429046631, 0.8791874051094055),
            ["RightLowerArm"] = CFrame.new(-6.705522537231445e-08, 0, 6.407499313354492e-07, 1, -2.2724276504959562e-07, 1.2293459406009788e-07, 1.8253926725719793e-07, 0.2787548899650574, -0.9603622555732727, 1.5925620289181097e-07, 0.9603623151779175, 0.27875491976737976),
            ["LeftHand"] = CFrame.new(0.000002682209014892578, 0.00010019540786743164, -7.82310962677002e-08, -0.20617727935314178, -0.038673482835292816, 0.9777501225471497, 0.7028862237930298, 0.6893163919448853, 0.1754818558692932, -0.6807657480239868, 0.7234275341033936, -0.11493828892707825),
            ["LeftFoot"] = CFrame.new(0.0030873194336891174, -0.015372633934020996, -8.940696716308594e-08, 0.9624633193016052, -0.20275355875492096, -0.1804327517747879, 0.2508152425289154, 0.918467104434967, 0.30579477548599243, 0.10371167212724686, -0.3395722210407257, 0.9348440766334534),
